Synth_PL_OL=0.0_wdsPerObs=5_vocPerClass=100_alpha_c4.npz	0.4546032717277468	1.2614025471872023	0.0027542091322655293	0.0024322633743178884
Synth_PL_OL=0.0_wdsPerObs=5_vocPerClass=100_alpha_c1.npz	0.4653770101266376	1.556022257334186	0.0028269336230771977	0.002334256132827784
Synth_PL_OL=0.0_wdsPerObs=5_vocPerClass=100_alpha_c0.npz	0.4583307060130617	1.685673896717203	0.002807966243541379	0.0023811975035765006
Synth_PL_OL=0.0_wdsPerObs=5_vocPerClass=100_alpha_c2.npz	0.4595793790441763	2.136398679871757	0.002911029362777022	0.002307430390554242
Synth_PL_OL=0.0_wdsPerObs=5_vocPerClass=100_alpha_c3.npz	0.4552582367895162	1.010996205806225	0.002609035086899978	0.0024532701783857493

Mean MAE = 0.4586297207402277 pm 0.0038495810277300144
Mean MAE = 1.5300987173833147 pm 0.38318151319330196
F1 = 0.004544333576251978	AUC = 0.7310557007536872
