Synth_PolBlogs_OL=0.0_wdsPerObs=5_vocPerClass=100_alpha_c0.npz	0.5042292454138599	1.576899861834334	0.09630153639729756	0.09585899639274605
Synth_PolBlogs_OL=0.0_wdsPerObs=5_vocPerClass=100_alpha_c1.npz	0.5121697396456412	1.8319447773870285	0.0963369017660675	0.09590704682204967
Synth_PolBlogs_OL=0.0_wdsPerObs=5_vocPerClass=100_alpha_c3.npz	0.49881202126438123	4.318939494001766	0.0962857040105567	0.09589841358358192
Synth_PolBlogs_OL=0.0_wdsPerObs=5_vocPerClass=100_alpha_c2.npz	0.48292728775398697	1.480388785191398	0.09633579024718229	0.09591402477283141
Synth_PolBlogs_OL=0.0_wdsPerObs=5_vocPerClass=100_alpha_c4.npz	0.5007641975442402	3.4327766171253202	0.09626114082954468	0.09591081872215579

Mean MAE = 0.4997804983244219 pm 0.009583537652490402
Mean MAE = 2.5281899071079694 pm 1.1412851020570443
F1 = 0.005226797917369925	AUC = 0.7101553556949561
