Synth_ER_OL=0.0_wdsPerObs=5_vocPerClass=100_alpha_c1.npz	0.49876668405636587	1.0723062687907583	0.0011412348057610452	0.0006471001785542564
Synth_ER_OL=0.0_wdsPerObs=5_vocPerClass=100_alpha_c0.npz	0.4901881612199735	1.2016571903598476	0.0011580539286936838	0.0006646141932907872
Synth_ER_OL=0.0_wdsPerObs=5_vocPerClass=100_alpha_c2.npz	0.4852167722872894	1.4585272023028986	0.0012378086146056246	0.0006175215736922201
Synth_ER_OL=0.0_wdsPerObs=5_vocPerClass=100_alpha_c4.npz	0.4740406017014479	1.2711417765124968	0.0012748227612653196	0.0006461549359607528
Synth_ER_OL=0.0_wdsPerObs=5_vocPerClass=100_alpha_c3.npz	0.4608778363841961	1.6601899271509424	0.0011176973027480722	0.000627991467756981

Mean MAE = 0.48181801112985456 pm 0.013174577941642337
Mean MAE = 1.3327644730233887 pm 0.2058390849820528
F1 = 0.0050069507183422915	AUC = 0.6594483394092019
